50.06 
42.67 
46.80 
40.81 
49.11 
43.97 
48.14 
43.73 
41.36 
43.45 
41.28 
43.29 
48.42 
42.07 
42.12 
43.15 
46.95 
49.13 
44.13 
44.14 
45.06 
44.48 
47.38 
45.85 
47.70 
39.51
48.31 
46.00 
48.07 
44.09 
45.12 
42.85 
45.44 
41.98 
43.02 
44.33 
45.41 
41.89 
45.10 
46.43 
47.22 
41.62 
43.38 
43.67 
42.33 
50.31 
48.68 
41.67 
43.93 
48.42 
47.38 
43.22
41.23 
42.59 
47.23 
46.02 
46.26 
47.00 
44.14 
40.70 
45.23 
45.82 
46.49 
41.62 
47.16 
49.52 
41.41 
38.18 
44.74 
47.31 
45.26 
44.99 
46.78 
48.81 
42.79 
44.45 
47.77 
46.96
41.95 
45.22 
45.03 
42.66 
47.02 
45.24 
44.28 
46.68 
51.27 
45.37 
49.91 
50.93 
48.18 
47.30 
39.36 
40.13 
44.48 
42.01 
44.91 
44.99 
40.73 
39.27
