1.744  
2.430  
1.087  
2.339  
1.050  
2.036  
1.059  
1.740  
2.993  
2.655
1.669  
2.399  
2.653  
0.448  
2.023  
2.436  
2.992  
1.215  
2.449
-0.787
0.903  
1.124  
0.130  
2.818  
3.073  
1.620  
2.341  
1.517  
1.365  
2.946
3.116 
-0.412  
1.661  
0.685  
1.392  
3.206  
1.364  
1.706  
1.867  
1.489
2.224  
2.218  
1.708  
3.332  
0.659  
1.965  
1.745  
0.876  
1.867  
2.983
3.119  
1.379  
5.187  
1.587  
2.015  
2.296  
1.566  
0.629  
3.197  2.905
1.826  
1.646  
3.050  
1.606  
3.103  
3.664  
3.154  
0.167  
2.379  0.662
3.076  
3.166  
1.748  
5.209  
2.564  
2.815  
2.163  
1.965  
2.984  1.807
3.521  
3.243  
1.934  
0.100  
4.041  
2.081  
2.773  
2.970  
2.951  2.162
3.696  
2.109  
2.106  
1.343  
2.694  
1.864  
3.053  
1.734  
2.391  1.863
